0.01615 0.00000 0.00000 
0.02615 0.00000 0.00000 
0.03615 0.00000 0.00000 
0.04615 0.00000 0.00000 
0.05615 0.00000 0.00000 
0.06616 0.00000 0.00000 
0.07616 0.00000 0.00000 
0.08616 0.00000 0.00000 
0.09616 0.00000 0.00000 
0.10616 0.00000 0.00000 
0.11616 0.00000 0.00000 
0.12616 0.00000 0.00000 
0.13616 0.00000 0.00000 
0.14616 0.00000 0.00000 
0.15617 0.00000 0.00000 
0.16617 0.00000 0.00000 
0.17617 0.00000 0.00000 
0.18617 0.00000 0.00000 
0.19617 0.00000 0.00000 
0.20617 0.00000 0.00000 
0.21617 0.00000 0.00000 
0.22617 0.00000 0.00000 
0.23618 0.00000 0.00000 
0.24618 0.00000 0.00000 
0.25618 0.00000 0.00000 
0.26618 0.00000 0.00000 
0.27618 0.00000 0.00000 
0.28618 0.00000 0.00000 
0.29618 0.00000 0.00000 
0.30618 0.00000 0.00000 
0.31619 0.00000 0.00000 
0.32619 0.00000 0.00000 
0.33619 0.00000 0.00000 
0.34619 0.00000 0.00000 
0.35619 0.00000 0.00000 
0.36619 0.00000 0.00000 
0.37619 0.00000 0.00000 
0.38619 0.00000 0.00000 
0.39620 0.00000 0.00000 
0.40620 0.00000 0.00000 
0.41620 0.00000 0.00000 
0.42620 0.00000 0.00000 
0.43620 0.00000 0.00000 
0.44620 0.00000 0.00000 
0.45620 0.00000 0.00000 
0.46620 0.00000 0.00000 
0.47621 0.00000 0.00000 
0.48621 0.00000 0.00000 
0.49621 0.00000 0.00000 
0.50621 0.00000 0.00000 
0.51621 0.00000 0.00000 
0.52621 0.00000 0.00000 
0.53621 0.00000 0.00000 
0.54621 0.00000 0.00000 
0.55622 0.00000 0.00000 
0.56622 0.00000 0.00000 
0.57622 0.00000 0.00000 
0.58622 0.00000 0.00000 
0.59622 0.00000 0.00000 
0.60622 0.00000 0.00000 
0.61622 0.00000 0.00000 
0.62622 0.00000 0.00000 
0.63623 0.00000 0.00000 
0.64623 0.00000 0.00000 
0.65623 0.00000 0.00000 
0.66623 0.00000 0.00000 
0.67623 0.00000 0.00000 
0.68623 0.00000 0.00000 
0.69623 0.00000 0.00000 
0.70623 0.00000 0.00000 
0.71623 0.00000 0.00000 
0.72624 0.00000 0.00000 
0.73624 0.00000 0.00000 
0.74624 0.00000 0.00000 
0.75624 0.00000 0.00000 
0.76624 0.00000 0.00000 
0.77624 0.00000 0.00000 
0.78624 0.00000 0.00000 
0.79624 0.00000 0.00000 
0.80625 0.00000 0.00000 
0.81625 0.00000 0.00000 
0.82625 0.00000 0.00000 
0.83625 0.00000 0.00000 
0.84625 0.00000 0.00000 
0.85625 0.00000 0.00000 
0.86625 0.00000 0.00000 
0.87625 0.00000 0.00000 
0.88626 0.00000 0.00000 
0.89626 0.00000 0.00000 
0.90626 0.00000 0.00000 
0.91626 0.00000 0.00000 
0.92626 0.00000 0.00000 
0.93626 0.00000 0.00000 
0.94626 0.00000 0.00000 
0.95626 0.00000 0.00000 
0.96627 0.00000 0.00000 
0.97627 0.00000 0.00000 
0.98627 0.00000 0.00000 
0.99627 0.00000 0.00000 
1.00627 1000.00000 0.00000 
1.01627 1000.00000 0.00314 
1.02627 1000.00000 0.00628 
1.03627 1000.00000 0.00942 
1.04628 1000.00000 0.01571 
1.05628 1000.00000 0.02199 
1.06628 1000.00000 0.03142 
1.07628 1000.00000 0.04398 
1.08628 1000.00000 0.05655 
1.09628 1000.00000 0.07226 
1.10628 1000.00000 0.08796 
1.11628 1000.00000 0.10681 
1.12629 1000.00000 0.12566 
1.13629 1000.00000 0.14765 
1.14629 1000.00000 0.17279 
1.15629 1000.00000 0.19792 
1.16629 1000.00000 0.22305 
1.17629 1000.00000 0.25133 
1.18629 1000.00000 0.27960 
1.19629 1000.00000 0.31102 
1.20630 1000.00000 0.34558 
1.21630 1000.00000 0.38013 
1.22630 1000.00000 0.41783 
1.23630 1000.00000 0.45553 
1.24630 1000.00000 0.49323 
1.25630 1000.00000 0.53407 
1.26630 1000.00000 0.57805 
1.27630 1000.00000 0.62204 
1.28631 1000.00000 0.66916 
1.29631 1000.00000 0.71628 
1.30631 1000.00000 0.76655 
1.31631 1000.00000 0.81681 
1.32631 1000.00000 0.87022 
1.33631 1000.00000 0.92363 
1.34631 1000.00000 0.97704 
1.35631 1000.00000 1.03673 
1.36631 1000.00000 1.09327 
1.37632 1000.00000 1.15611 
1.38632 1000.00000 1.21580 
1.39632 1000.00000 1.28177 
1.40632 1000.00000 1.34460 
1.41632 1000.00000 1.41058 
1.42632 1000.00000 1.47969 
1.43632 1000.00000 1.55195 
1.44632 1000.00000 1.62106 
1.45633 1000.00000 1.69646 
1.46633 1000.00000 1.77186 
1.47633 1000.00000 1.84726 
1.48633 1000.00000 1.92580 
1.49633 1000.00000 2.00434 
1.50633 1000.00000 2.08602 
1.51633 1000.00000 2.17084 
1.52633 1000.00000 2.25252 
1.53634 1000.00000 2.34049 
1.54634 1000.00000 2.42845 
1.55634 1000.00000 2.51642 
1.56634 1000.00000 2.60752 
1.57634 1000.00000 2.69863 
1.58634 1000.00000 2.79288 
1.59634 1000.00000 2.89027 
1.60634 1000.00000 2.98765 
1.61635 1000.00000 3.08504 
1.62635 1000.00000 3.18557 
1.63635 1000.00000 3.28611 
1.64635 1000.00000 3.38664 
1.65635 1000.00000 3.49345 
1.66635 1000.00000 3.59712 
1.67635 1000.00000 3.70708 
1.68635 1000.00000 3.81389 
1.69636 1000.00000 3.92385 
1.70636 1000.00000 4.03380 
1.71636 1000.00000 4.14690 
1.72636 1000.00000 4.26314 
1.73636 1000.00000 4.37938 
1.74636 1000.00000 4.49562 
1.75636 1000.00000 4.61186 
1.76636 1000.00000 4.73124 
1.77637 1000.00000 4.85376 
1.78637 1000.00000 4.97628 
1.79637 1000.00000 5.10195 
1.80637 1000.00000 5.22761 
1.81637 1000.00000 5.35327 
1.82637 1000.00000 5.48208 
1.83637 1000.00000 5.61088 
1.84637 1000.00000 5.74283 
1.85638 1000.00000 5.87478 
1.86638 1000.00000 6.00987 
1.87638 1000.00000 6.14810 
1.88638 1000.00000 6.28319 
1.89638 1000.00000 6.42456 
1.90638 1000.00000 6.56279 
1.91638 1000.00000 6.70730 
1.92638 1000.00000 6.84867 
1.93639 1000.00000 6.99319 
1.94639 1000.00000 7.14084 
1.95639 1000.00000 7.28849 
1.96639 1000.00000 7.43615 
1.97639 1000.00000 7.59009 
1.98639 1000.00000 7.74088 
1.99639 1000.00000 7.89482 
2.00639 1000.00000 8.04876 
2.01639 1000.00000 8.20584 
2.02640 1000.00000 8.36292 
2.03640 1000.00000 8.52314 
2.04640 1000.00000 8.68650 
2.05640 1000.00000 8.84672 
2.06640 1000.00000 9.01009 
2.07640 1000.00000 9.17659 
2.08640 1000.00000 9.34310 
2.09640 1000.00000 9.50960 
2.10641 1000.00000 9.67925 
2.11641 1000.00000 9.85203 
2.12641 1000.00000 10.02168 
2.13641 1000.00000 10.19447 
2.14641 1000.00000 10.36726 
2.15641 1000.00000 10.54318 
2.16641 1000.00000 10.72226 
2.17641 1000.00000 10.90133 
2.18642 1000.00000 11.08040 
2.19642 1000.00000 11.25947 
2.20642 1000.00000 11.44168 
2.21642 1000.00000 11.62703 
2.22642 1000.00000 11.81239 
2.23642 1000.00000 11.99774 
2.24642 1000.00000 12.18624 
2.25642 1000.00000 12.37473 
2.26643 1000.00000 12.56637 
2.27643 1000.00000 12.75801 
2.28643 1000.00000 12.95279 
2.29643 1000.00000 13.14757 
2.30643 1000.00000 13.34234 
2.31643 1000.00000 13.54026 
2.32643 1000.00000 13.73818 
2.33643 1000.00000 13.93925 
2.34644 1000.00000 14.14031 
2.35644 1000.00000 14.34137 
2.36644 1000.00000 14.54557 
2.37644 1000.00000 14.74978 
2.38644 1000.00000 14.95712 
2.39644 1000.00000 15.16447 
2.40644 1000.00000 15.37495 
2.41644 1000.00000 15.58544 
2.42645 1000.00000 15.79593 
2.43645 1000.00000 16.00956 
2.44645 1000.00000 16.22318 
2.45645 1000.00000 16.43681 
2.46645 1000.00000 16.65358 
2.47645 1000.00000 16.87349 
2.48645 1000.00000 17.09026 
2.49645 1000.00000 17.31018 
2.50645 1000.00000 17.53323 
2.51646 1000.00000 17.75628 
2.52646 1000.00000 17.97933 
2.53646 1000.00000 18.20553 
2.54646 1000.00000 18.43172 
2.55646 1000.00000 18.66106 
2.56646 1000.00000 18.89040 
2.57646 1000.00000 19.11973 
2.58646 1000.00000 19.35221 
2.59647 1000.00000 19.58469 
2.60647 1000.00000 19.82031 
2.61647 1000.00000 20.05593 
2.62647 1000.00000 20.29155 
2.63647 1000.00000 20.52717 
2.64647 1000.00000 20.76907 
2.65647 1000.00000 21.00783 
2.66647 1000.00000 21.24973 
2.67648 1000.00000 21.49164 
2.68648 1000.00000 21.73354 
2.69648 1000.00000 21.97858 
2.70648 1000.00000 22.22363 
2.71648 1000.00000 22.47181 
2.72648 1000.00000 22.72000 
2.73648 1000.00000 22.97133 
2.74648 1000.00000 23.22265 
2.75649 1000.00000 23.47398 
2.76649 1000.00000 23.72531 
2.77649 1000.00000 23.97978 
2.78649 1000.00000 24.23739 
2.79649 1000.00000 24.49500 
2.80649 1000.00000 24.75261 
2.81649 1000.00000 25.01022 
2.82649 1000.00000 25.27097 
2.83650 1000.00000 25.53487 
2.84650 1000.00000 25.79562 
2.85650 1000.00000 26.06265 
2.86650 1000.00000 26.32655 
2.87650 1000.00000 26.59358 
2.88650 1000.00000 26.86062 
2.89650 1000.00000 27.12765 
2.90650 1000.00000 27.39783 
2.91651 1000.00000 27.66801 
2.92651 1000.00000 27.94133 
2.93651 1000.00000 28.21464 
2.94651 1000.00000 28.48796 
2.95651 1000.00000 28.76442 
2.96651 1000.00000 29.03774 
2.97651 1000.00000 29.31734 
2.98651 1000.00000 29.59694 
2.99652 1000.00000 29.87655 
3.00652 1000.00000 30.15929 
3.01652 1000.00000 30.44203 
3.02652 1000.00000 30.72478 
3.03652 1000.00000 31.01066 
3.04652 1000.00000 31.29655 
3.05652 1000.00000 31.58557 
3.06652 1000.00000 31.87460 
3.07653 1000.00000 32.16048 
3.08653 1000.00000 32.45265 
3.09653 1000.00000 32.74482 
3.10653 1000.00000 33.03699 
3.11653 1000.00000 33.33230 
3.12653 1000.00000 33.62447 
3.13653 1000.00000 33.91978 
3.14653 1000.00000 34.21823 
3.15654 1000.00000 34.51354 
3.16654 1000.00000 34.81199 
3.17654 1000.00000 35.11358 
3.18654 1000.00000 35.41517 
3.19654 1000.00000 35.71677 
3.20654 1000.00000 36.01836 
3.21654 1000.00000 36.32309 
3.22654 1000.00000 36.63097 
3.23654 1000.00000 36.93570 
3.24655 1000.00000 37.24672 
3.25655 1000.00000 37.55460 
3.26655 1000.00000 37.86562 
3.27655 1000.00000 38.17663 
3.28655 1000.00000 38.48765 
3.29655 1000.00000 38.80181 
3.30655 1000.00000 39.11597 
3.31655 1000.00000 39.43327 
3.32656 1000.00000 39.74743 
3.33656 1000.00000 40.06473 
3.34656 1000.00000 40.38203 
3.35656 1000.00000 40.70247 
3.36656 1000.00000 41.02292 
3.37656 1000.00000 41.34336 
3.38656 1000.00000 41.66694 
3.39656 1000.00000 41.99053 
3.40657 1000.00000 42.31411 
3.41657 1000.00000 42.63770 
3.42657 1000.00000 42.96756 
3.43657 1000.00000 43.29429 
3.44657 1000.00000 43.62416 
3.45657 1000.00000 43.95716 
3.46657 1000.00000 44.28703 
3.47657 1000.00000 44.62004 
3.48658 1000.00000 44.95305 
3.49658 1000.00000 45.28920 
3.50658 1000.00000 45.62535 
3.51658 1000.00000 45.95836 
3.52658 1000.00000 46.29765 
3.53658 1000.00000 46.63380 
3.54658 1000.00000 46.97309 
3.55658 1000.00000 47.31239 
3.56659 1000.00000 47.65482 
3.57659 1000.00000 47.99725 
3.58659 1000.00000 48.33969 
3.59659 1000.00000 48.68212 
3.60659 1000.00000 49.02769 
3.61659 1000.00000 49.37641 
3.62659 1000.00000 49.72513 
3.63659 1000.00000 50.07385 
3.64660 1000.00000 50.42256 
3.65660 1000.00000 50.77442 
3.66660 1000.00000 51.12628 
3.67660 1000.00000 51.47814 
3.68660 1000.00000 51.83314 
3.69660 1000.00000 52.18814 
3.70660 1000.00000 52.54314 
3.71660 1000.00000 52.89814 
3.72661 1000.00000 53.25314 
3.73661 1000.00000 53.61128 
3.74661 1000.00000 53.97256 
3.75661 1000.00000 54.33070 
3.76661 1000.00000 54.69199 
3.77661 1000.00000 55.05327 
3.78661 1000.00000 55.41769 
3.79661 1000.00000 55.78212 
3.80662 1000.00000 56.14969 
3.81662 1000.00000 56.51411 
3.82662 1000.00000 56.88168 
3.83662 1000.00000 57.25238 
3.84662 1000.00000 57.61995 
3.85662 1000.00000 57.99066 
3.86662 1000.00000 58.36137 
3.87662 1000.00000 58.73522 
3.88662 1000.00000 59.10592 
3.89663 1000.00000 59.47977 
3.90663 1000.00000 59.85362 
3.91663 1000.00000 60.23061 
3.92663 1000.00000 60.60446 
3.93663 1000.00000 60.98145 
3.94663 1000.00000 61.36159 
3.95663 1000.00000 61.74172 
3.96663 1000.00000 62.12185 
3.97664 1000.00000 62.50513 
3.98664 1000.00000 62.88840 
3.99664 1000.00000 63.27482 
4.00664 1000.00000 63.65809 
4.01664 1000.00000 64.04137 
4.02664 1000.00000 64.43092 
4.03664 1000.00000 64.81734 
4.04664 1000.00000 65.20376 
4.05665 1000.00000 65.59331 
4.06665 1000.00000 65.97973 
4.07665 1000.00000 66.37243 
4.08665 1000.00000 66.76199 
4.09665 1000.00000 67.15468 
4.10665 1000.00000 67.54738 
4.11665 1000.00000 67.94322 
4.12665 1000.00000 68.33906 
4.13666 1000.00000 68.73805 
4.14666 1000.00000 69.13389 
4.15666 1000.00000 69.53287 
4.16666 1000.00000 69.93499 
4.17666 1000.00000 70.33398 
4.18666 1000.00000 70.73610 
4.19666 1000.00000 71.13822 
4.20666 1000.00000 71.54035 
4.21667 1000.00000 71.94247 
4.22667 1000.00000 72.34460 
4.23667 1000.00000 72.79070 
4.24667 1000.00000 73.15513 
4.25667 1000.00000 73.60437 
4.26667 1000.00000 73.97194 
4.27667 1000.00000 74.38035 
4.28667 1000.00000 74.79190 
4.29668 1000.00000 75.20344 
4.30668 1000.00000 75.61499 
4.31668 1000.00000 76.02968 
4.32668 1000.00000 76.44437 
4.33668 1000.00000 76.85906 
4.34668 1000.00000 77.31460 
4.35668 1000.00000 77.68844 
4.36668 1000.00000 78.10628 
4.37669 1000.00000 78.56495 
4.38669 1000.00000 78.98278 
4.39669 1000.00000 79.40061 
4.40669 1000.00000 79.77760 
4.41669 1000.00000 80.24256 
4.42669 1000.00000 80.66667 
4.43669 1000.00000 81.09079 
4.44669 1000.00000 81.51490 
4.45669 1000.00000 81.94216 
4.46670 1000.00000 82.32544 
4.47670 1000.00000 82.75269 
4.48670 1000.00000 83.22079 
4.49670 1000.00000 83.65119 
4.50670 1000.00000 84.03760 
4.51670 1000.00000 84.50884 
4.52670 1000.00000 84.89526 
4.53670 1000.00000 85.36964 
4.54671 1000.00000 85.80004 
4.55671 1000.00000 86.23358 
4.56671 1000.00000 86.67026 
4.57671 1000.00000 87.10380 
4.58671 1000.00000 87.54048 
4.59671 1000.00000 87.98030 
4.60671 1000.00000 88.41698 
4.61671 1000.00000 88.85681 
4.62672 1000.00000 89.29663 
4.63672 1000.00000 89.73645 
4.64672 1000.00000 90.17628 
4.65672 1000.00000 90.61924 
4.66672 1000.00000 91.05906 
4.67672 1000.00000 91.50203 
4.68672 1000.00000 91.94499 
4.69672 1000.00000 92.39110 
4.70673 1000.00000 92.83720 
4.71673 1000.00000 93.28331 
4.72673 1000.00000 93.73256 
4.73673 1000.00000 94.18495 
4.74673 1000.00000 94.63420 
4.75673 1000.00000 95.08344 
4.76673 1000.00000 95.53583 
4.77673 1000.00000 95.98822 
4.78674 1000.00000 96.44061 
4.79674 1000.00000 96.89300 
4.80674 1000.00000 97.34539 
4.81674 1000.00000 97.80092 
4.82674 1000.00000 98.25645 
4.83674 1000.00000 98.71198 
4.84674 1000.00000 99.16751 
4.85674 1000.00000 99.62619 
4.86675 1000.00000 100.08800 
4.87675 1000.00000 100.54981 
4.88675 1000.00000 101.01163 
4.89675 1000.00000 101.47344 
4.90675 1000.00000 101.93526 
4.91675 1000.00000 102.39707 
4.92675 1000.00000 102.86203 
4.93675 1000.00000 103.32698 
4.94676 1000.00000 103.78880 
4.95676 1000.00000 104.25375 
4.96676 1000.00000 104.72185 
4.97676 1000.00000 105.18995 
4.98676 1000.00000 105.66119 
4.99676 1000.00000 106.12928 
5.00676 1000.00000 106.60052 
5.01676 1000.00000 107.07490 
5.02676 1000.00000 107.54614 
5.03677 1000.00000 108.02052 
5.04677 1000.00000 108.49490 
5.05677 1000.00000 108.96614 
5.06677 1000.00000 109.44052 
5.07677 1000.00000 109.91804 
5.08677 1000.00000 110.39242 
5.09677 1000.00000 110.86995 
5.10677 1000.00000 111.34747 
5.11678 1000.00000 111.82813 
5.12678 1000.00000 112.30880 
5.13678 1000.00000 112.78946 
5.14678 1000.00000 113.27326 
5.15678 1000.00000 113.75393 
5.16678 1000.00000 114.23773 
5.17678 1000.00000 114.72154 
5.18678 1000.00000 115.20534 
5.19679 1000.00000 115.68915 
5.20679 1000.00000 116.17610 
5.21679 1000.00000 116.65990 
5.22679 1000.00000 117.14685 
5.23679 1000.00000 117.63380 
5.24679 1000.00000 118.12388 
5.25679 1000.00000 118.61397 
5.26679 1000.00000 119.10720 
5.27680 1000.00000 119.60043 
5.28680 1000.00000 120.09366 
5.29680 1000.00000 120.58689 
5.30680 1000.00000 121.08012 
5.31680 1000.00000 121.57335 
5.32680 1000.00000 122.06658 
5.33680 1000.00000 122.56295 
5.34680 1000.00000 123.05618 
5.35681 1000.00000 123.55256 
5.36681 1000.00000 124.05207 
5.37681 1000.00000 124.55158 
5.38681 1000.00000 125.05110 
5.39681 1000.00000 125.55375 
5.40681 1000.00000 126.05641 
5.41681 1000.00000 126.55906 
5.42681 1000.00000 127.06171 
5.43682 1000.00000 127.56437 
5.44682 1000.00000 128.06702 
5.45682 1000.00000 128.56968 
5.46682 1000.00000 129.07548 
5.47682 1000.00000 129.58127 
5.48682 1000.00000 130.08707 
5.49682 1000.00000 130.59601 
5.50682 1000.00000 131.10494 
5.51683 1000.00000 131.61388 
5.52683 1000.00000 132.12596 
5.53683 1000.00000 132.63804 
5.54683 1000.00000 133.15012 
5.55683 1000.00000 133.66220 
5.56683 1000.00000 134.17428 
5.57683 1000.00000 134.68636 
5.58683 1000.00000 135.19844 
5.59684 1000.00000 135.71052 
5.60684 1000.00000 136.22888 
5.61684 1000.00000 136.74410 
5.62684 1000.00000 137.26247 
5.63684 1000.00000 137.78083 
5.64684 1000.00000 138.29919 
5.65684 1000.00000 138.82070 
5.66684 1000.00000 139.34220 
5.67685 1000.00000 139.86370 
5.68685 1000.00000 140.38521 
5.69685 1000.00000 140.90671 
5.70685 1000.00000 141.42822 
5.71685 1000.00000 141.94972 
5.72685 1000.00000 142.47123 
5.73685 1000.00000 142.99901 
5.74685 1000.00000 143.52366 
5.75685 1000.00000 144.05145 
5.76686 1000.00000 144.57924 
5.77686 1000.00000 145.11016 
5.78686 1000.00000 145.63795 
5.79686 1000.00000 146.16888 
5.80686 1000.00000 146.69667 
5.81686 1000.00000 147.22760 
5.82686 1000.00000 147.75539 
5.83686 1000.00000 148.28631 
5.84687 1000.00000 148.82039 
5.85687 1000.00000 149.35446 
5.86687 1000.00000 149.88853 
5.87687 1000.00000 150.42260 
5.88687 1000.00000 150.95981 
5.89687 1000.00000 151.49702 
5.90687 1000.00000 152.03423 
5.91687 1000.00000 152.57459 
5.92688 1000.00000 153.11180 
5.93688 1000.00000 153.64901 
5.94688 1000.00000 154.18623 
5.95688 1000.00000 154.72344 
5.96688 1000.00000 155.26693 
5.97688 1000.00000 155.80729 
5.98688 1000.00000 156.35392 
5.99688 1000.00000 156.89742 
6.00689 1000.00000 157.44092 
